0  0  31364.14 99  000000.00 132159.8 
 10  0  31367.85 79  000000.00 132227.9 
 20  0  31358.89 99  000000.00 132254.1 
 30  0  31364.90 99  000000.00 132321.7 
 40  0  31335.33 99  000000.00 132344.6 
 50  0  31335.70 99  000000.00 132409.3 
 60  0  31357.86 99  000000.00 132445.9 
 60  10  31360.61 99  000000.00 132531.3 
 50  10  31378.74 99  000000.00 132557.9 
 40  10  31361.66 99  000000.00 132620.6 
 30  10  31349.71 99  000000.00 132643.6 
 20  10  31317.21 99  000000.00 132704.7 
 10  10  31339.48 99  000000.00 132725.8 
 0  10  31354.23 99  000000.00 132748.9 
-10  10  31354.35 99  000000.00 132814.6 
-20  10  31391.42 99  000000.00 132935.5 
 10  15  31378.55 99  000000.00 133120.6 
 20  15  31364.88 99  000000.00 133203.9 
 30  15  31384.08 99  000000.00 133228.9 
 40  15  31334.64 99  000000.00 133256.9 
 50  15  31322.76 99  000000.00 133318.2 
 60  15  31260.06 99  000000.00 133336.5 
 70  15  31331.42 99  000000.00 133357.7 
 80  15  31341.75 99  000000.00 133425.6 
 90  15  31373.62 79  000000.00 133513.5 
 90  25  31357.86 99  000000.00 133550.4 
 80  25  31334.28 99  000000.00 133609.5 
 70  25  31327.37 99  000000.00 133629.9 
 60  25  31307.83 99  000000.00 133648.1 
 50  25  31279.95 99  000000.00 133712.6 
 40  25  31403.69 99  000000.00 133733.5 
 30  25  31321.94 99  000000.00 133756.4 
 20  25  31364.89 99  000000.00 133816.9 
 10  25  31354.79 99  000000.00 133837.4 
 0  25  31376.89 99  000000.00 133855.5 
-10  25  31390.12 99  000000.00 133913.4 
 0  15  31407.47 99  000000.00 134121.8 
 10  15  31397.70 99  000000.00 134156.6 
 20  15  31357.51 99  000000.00 134224.6 
 30  15  31426.25 99  000000.00 134250.1 
 40  15  31335.38 99  000000.00 134315.3 
 50  15  31362.04 99  000000.00 134342.1 
 60  15  31327.66 99  000000.00 134404.6 
 70  15  31351.54 99  000000.00 134426.9 
 70  15  31388.13 99  000000.00 134528.9 
 60  15  31328.72 99  000000.00 134603.9 
 50  15  31368.67 99  000000.00 134631.1 
 40  15  31355.13 59  000000.00 134658.9 
 30  15  31386.85 99  000000.00 134724.2 
 20  15  31387.11 99  000000.00 134743.8 
 10  15  31396.38 99  000000.00 134804.3 
 0  15  31402.73 99  000000.00 134823.1 
-10  15  31397.30 99  000000.00 134846.5 
 0  20  31404.68 29  000000.00 134941.1 
 10  20  31400.69 99  000000.00 134959.0 
 20  20  31394.51 99  000000.00 135020.6 
 30  20  31413.64 99  000000.00 135038.8 
 40  20  31390.68 99  000000.00 135056.1 
 50  20  31374.15 99  000000.00 135114.4 
 60  20  31385.87 99  000000.00 135143.4 
 70  20  31364.38 39  000000.00 135202.1 
 80  20  31389.49 99  000000.00 135220.2 
 90  20  31351.66 99  000000.00 135238.3 
 100  20  31330.19 99  000000.00 135253.9 
 110  20  31279.39 99  000000.00 135313.6 
 120  20  31347.54 99  000000.00 135333.3 
 120  20  31326.98 99  000000.00 135429.5 
 110  20  31188.60 99  000000.00 135501.3 
 100  20  31290.89 99  000000.00 135519.8 
 90  20  31284.60 99  000000.00 135540.9 
 80  20  31363.51 99  000000.00 135601.6 
 70  20  31363.68 99  000000.00 135606.7 
 60  20  31391.85 99  000000.00 135626.4 
 50  20  31388.26 99  000000.00 135645.2 
 40  20  31428.15 99  000000.00 135708.5 
 30  20  31401.93 99  000000.00 135728.5 
 20  20  31285.65 99  000000.00 135749.9 
 10  20  31356.05 99  000000.00 135820.3 
 0  25  31494.43 99  000000.00 140141.3 
 10  25  31426.98 49  000000.00 140217.7 
 20  25  31339.84 99  000000.00 140234.4 
 30  25  31342.82 99  000000.00 140252.3 
 40  25  31424.23 99  000000.00 140310.2 
 50  25  31388.75 99  000000.00 140329.8 
 60  25  31356.09 99  000000.00 140347.2 
 70  25  31380.33 99  000000.00 140405.5 
 80  25  31371.41 59  000000.00 140424.0 
 90  25  31380.37 99  000000.00 140441.5 
 100  25  31322.74 99  000000.00 140502.4 
 110  25  31272.88 99  000000.00 140522.6 
 120  25  31399.84 99  000000.00 140541.9 
 130  25  31312.05 99  000000.00 140600.6 
 140  25  31383.39 99  000000.00 140623.5 
 140  25  31399.36 99  000000.00 140721.7 
 130  25  31294.80 77  000000.00 140740.4 
 120  25  31345.62 98  000000.00 140801.8 
 110  25  31411.28 99  000000.00 140818.7 
 100  25  31363.23 99  000000.00 140837.2 
 90  25  31375.06 99  000000.00 140854.3 
 80  25  31415.57 99  000000.00 140913.9 
 70  25  31371.58 99  000000.00 140934.0 
 60  25  31426.35 99  000000.00 140953.9 
 50  25  31366.77 99  000000.00 141014.3 
 0  30  31407.05 29  000000.00 141255.6 
 10  30  31396.09 99  000000.00 141313.1 
 20  30  31393.35 99  000000.00 141325.9 
 30  30  31349.65 99  000000.00 141339.7 
 40  30  31391.63 99  000000.00 141354.9 
 50  30  31407.97 99  000000.00 141409.7 
 60  30  31316.89 99  000000.00 141425.5 
 70  30  31298.46 99  000000.00 141439.5 
 80  30  31414.87 99  000000.00 141452.8 
 90  30  31308.38 99  000000.00 141505.1 
 90  35  31365.84 99  000000.00 141648.6 
 80  35  31345.64 99  000000.00 141709.2 
 70  35  31333.78 99  000000.00 141726.2 
 60  35  31373.47 99  000000.00 141755.3 
 50  35  31341.08 99  000000.00 141813.9 
 40  35  31373.49 99  000000.00 141829.3 
 30  35  31376.64 99  000000.00 141845.2 
 30  40  31386.51 99  000000.00 141943.7 
 40  40  31345.12 99  000000.00 142002.8 
 50  40  31344.24 99  000000.00 142018.6 
 60  40  31327.67 99  000000.00 142034.3 
 70  40  31341.12 99  000000.00 142047.9 
 80  40  31353.64 39  000000.00 142103.1 
 90  40  31341.06 99  000000.00 142120.4 
 90  45  31397.61 99  000000.00 142211.8 
 80  45  31305.51 99  000000.00 142231.7 
 70  45  31339.78 99  000000.00 142247.1 
 60  45  31345.11 99  000000.00 142301.9 
 50  45  31370.82 99  000000.00 142317.4 
 40  45  31387.66 99  000000.00 142333.1 
 40  50  31359.16 99  000000.00 142409.9 
 50  50  31338.15 99  000000.00 142427.3 
 60  50  31348.53 99  000000.00 142442.9 
 70  50  31363.50 99  000000.00 142458.9 
 80  50  31351.15 69  000000.00 142515.7 
 90  50  31334.48 99  000000.00 142531.4 
 90  55  31347.55 99  000000.00 142613.3 
 80  55  31346.64 99  000000.00 142628.3 
 70  55  31353.38 99  000000.00 142644.9 
 60  55  00000.00 99  000000.00 142700.1 
 50  55  31356.97 99  000000.00 142705.6 
 40  55  31346.19 19  000000.00 142728.8 
 40  60  31339.29 99  000000.00 142809.4 
 50  60  31342.58 99  000000.00 142824.9 
 60  60  31347.09 99  000000.00 142841.0 
 70  60  31339.22 99  000000.00 142856.4 
 80  60  31373.66 99  000000.00 142917.0 
 80  65  31402.99 99  000000.00 143055.5 
 70  65  31376.41 99  000000.00 143115.3 
 60  65  31340.56 99  000000.00 143129.7 
