 0.00  10.00  31211.59  0271.75 27  000000.00 
 0.00  15.00  31216.83 -0184.10 19  000000.00 
 0.00  25.00  31207.54  0644.55 28  000000.00 
 0.00  30.00  31205.77 -0131.55 48  000000.00 
 0.00  35.00  31216.78  0155.25 99  000000.00  
 0.00  40.00  31226.16  0052.95 98  000000.00  
 0.00  45.00  31202.86  0126.10 15  000000.00 
 0.00  50.00  31208.51  0000.90 99  000000.00  
 5.00  55.00  31248.35 -0038.75 58  000000.00  
 5.00  50.00  31237.35  0036.40 57  000000.00  
 5.00  45.00  31234.56 -0029.35 48  000000.00  
 5.00  40.00  31227.13  0041.95 67  000000.00 
 5.00  35.00  31217.51 -0073.60 98  000000.00 
 5.00  30.00  31208.46 -0040.45 78  000000.00 
 5.00  25.00  31215.11  0047.85 98  000000.00  
 5.00  20.00  31218.62  0011.55 99  000000.00 
 10.00  0.00  31217.48 -0072.20 99  000000.00  
 10.00  5.00  31212.91 -0024.80 97  000000.00 
 10.00  10.00  31210.54  0046.15 99  000000.00 
 10.00  15.00  31214.46  0005.15 99  000000.00 
 10.00  20.00  31216.35 -0000.45 98  000000.00 
 10.00  25.00  31224.20  0057.10 99  000000.00 
 10.00  30.00  31242.48  0020.45 46  000000.00 
 10.00  35.00  31243.16  0056.05 58  000000.00 
 10.00  40.00  31179.04  0380.00 99  000000.00 
 10.00  45.00  31202.92 -0200.35 37  000000.00 
 0.00  0.00  31229.54 99  000000.00 020958.9 
 10.00  0.00  31228.90 55  000000.00 021352.6 
 15.00  0.00  31232.61 98  000000.00 021429.9 
 20.00  0.00  31233.42 74  000000.00 021503.1 
 25.00  0.00  31236.40 43  000000.00 021522.9 
 30.00  0.00  31233.82 96  000000.00 021613.4 
 35.00  0.00  31231.33 95  000000.00 021652.9 
 40.00  0.00  31222.41 99  000000.00 021737.2 
 45.00  5.00  31195.32 99  000000.00 022014.7 
 40.00  5.00  31217.62 99  000000.00 022241.2 
 35.00  5.00  31227.25 99  000000.00 022321.8 
 30.00  5.00  31223.47 99  000000.00 022419.6 
 25.00  5.00  31223.68 99  000000.00 022536.1 
 20.00  5.00  31224.61 99  000000.00 022631.2 
 15.00  5.00  31225.35 99  000000.00 022737.8 
 10.00  5.00  31221.03 99  000000.00 022814.5 
 5.00  5.00  31222.05 99  000000.00 022932.1 
 0.00  5.00  31215.37 99  000000.00 023011.8 
 5.00  10.00  31221.84 99  000000.00 023249.5 
 0.00  10.00  31222.58 99  000000.00 023345.9 
 5.00  10.00  31218.69 99  000000.00 023423.6 
 10.00  10.00  31217.44 99  000000.00 023509.1 
 15.00  10.00  31216.15 99  000000.00 023644.4 
 20.00  10.00  31221.56 99  000000.00 023724.8 
 25.00  10.00  31226.36 99  000000.00 023803.7 
 30.00  10.00  31227.99 99  000000.00 023853.1 
 35.00  10.00  31231.48 54  000000.00 023946.5 
 40.00  10.00  31229.41 75  000000.00 024043.3 
 45.00  10.00  31222.66 33  000000.00 024124.1 
 50.00  10.00  31211.32 99  000000.00 024205.7 
 55.00  15.00  31212.53 99  000000.00 024758.1 
 50.00  15.00  31241.37 99  000000.00 024928.7 
 45.00  15.00  31241.58 99  000000.00 024957.7 
 40.00  15.00  31242.37 99  000000.00 025023.2 
 35.00  15.00  31229.08 99  000000.00 025134.5 
 30.00  15.00  31226.15 99  000000.00 025229.0 
 25.00  15.00  31224.77 99  000000.00 025258.9 
 20.00  15.00  31222.65 99  000000.00 025330.4 
 15.00  15.00  31217.64 99  000000.00 025400.9 
 10.00  15.00  31216.21 99  000000.00 025430.5 
 5.00  15.00  31215.98 99  000000.00 025459.5 
 0.00  15.00  31223.45 44  000000.00 025529.1 
 0.00  20.00  31221.74 96  000000.00 025758.2 
 5.00  20.00  31217.03 99  000000.00 025915.7 
 10.00  20.00  31219.63 99  000000.00 030017.3 
 15.00  20.00  31233.52 99  000000.00 030047.8 
 20.00  20.00  31242.93 99  000000.00 030120.8 
 25.00  20.00  31236.41 99  000000.00 030228.7 
 30.00  20.00  31227.28 99  000000.00 030314.9 
 35.00  20.00  31222.99 99  000000.00 030351.5 
 40.00  20.00  31215.60 99  000000.00 030421.9 
 45.00  20.00  31215.67 99  000000.00 030430.6 
 50.00  20.00  31211.31 99  000000.00 030528.7 
 55.00  20.00  31210.72 99  000000.00 030648.0 
 60.00  20.00  31214.40 99  000000.00 030716.7 
 55.00  25.00  31227.54 99  000000.00 031021.1 
 50.00  25.00  31230.23 54  000000.00 031112.1 
 45.00  25.00  31216.21 34  000000.00 031142.0 
 40.00  25.00  31220.39 95  000000.00 031225.5 
 35.00  25.00  31221.60 94  000000.00 031252.6 
 30.00  25.00  31227.19 86  000000.00 031322.9 
 25.00  25.00  31230.96 33  000000.00 031357.6 
 20.00  25.00  31233.12 33  000000.00 031445.1 
 15.00  25.00  31230.58 99  000000.00 031519.7 
 10.00  25.00  31220.20 85  000000.00 031602.5 
 5.00  25.00  31213.29 54  000000.00 031631.9 
 0.00  25.00  31218.93 65  000000.00 031706.9 
 5.00  25.00  31222.63 99  000000.00 032102.1 
 10.00  25.00  31223.04 99  000000.00 032110.6 
 15.00  25.00  31222.81 99  000000.00 032115.3 
 20.00  25.00  31223.03 99  000000.00 032119.3