 file 49catafe.m   21 IX 14
/
/X Y nT sq cor-nT time 
/ 093932.0 hacienda cat a
 0  0  31320.52 99  000000.00 095441.9 
 0  0  31322.45 99  000000.00 100143.5 
-5  0  31325.30 59  000000.00 100452.9 
-5  0  31324.00 99  000000.00 100724.9 
-5  0  31322.89 99  000000.00 100829.2 
 0  0  31323.47 79  000000.00 100856.3 
-5  0  31324.39 99  000000.00 100949.7 
 0  0  31323.97 99  000000.00 101050.8 
 5  0  31323.28 99  000000.00 101115.2 
 10  0  31322.18 99  000000.00 101137.7 
 15  0  31320.15 99  000000.00 101156.5 
 20  0  31320.97 99  000000.00 101215.6 
 25  0  31319.93 99  000000.00 101236.3 
 30  0  31320.02 99  000000.00 101257.9 
 35  0  31318.72 99  000000.00 101315.1 
 40  0  31318.65 99  000000.00 101331.9 
 45  0  31317.07 99  000000.00 101353.3 
 50  0  31316.67 99  000000.00 101415.7 
 55  0  31315.70 99  000000.00 101433.5 
 55  0  31316.26 99  000000.00 101503.2 
 60  0  31315.10 99  000000.00 101520.9 
 65  0  31315.15 99  000000.00 101540.3 
 70  0  31313.65 99  000000.00 101600.5 
 75  0  31312.59 99  000000.00 101615.5 
 80  0  31312.92 99  000000.00 101644.4 
 85  0  31312.49 99  000000.00 101707.9 
 90  0  31311.69 99  000000.00 101723.9 
 95  0  31309.21 99  000000.00 101742.8 
 100  0  31307.14 89  000000.00 101829.9 
 105  0  31303.72 99  000000.00 101846.8 
 110  0  31306.16 99  000000.00 101922.6 
 110  5  31305.42 99  000000.00 102316.9 
 105  5  31300.02 99  000000.00 102350.3 
 100  5  31300.91 99  000000.00 102416.8 
 95  5  31299.15 99  000000.00 102440.7 
 90  5  31299.91 69  000000.00 102457.4 
 85  5  31295.89 99  000000.00 102533.8 
 80  5  31302.57 99  000000.00 102553.4 
 75  5  31303.48 99  000000.00 102618.4 
 70  5  31302.14 99  000000.00 102640.9 
 65  5  31303.46 99  000000.00 102655.9 
 60  5  31306.74 99  000000.00 102737.7 
 55  5  31308.83 99  000000.00 102835.4 
 50  5  31304.69 59  000000.00 102855.6 
 45  5  31303.04 99  000000.00 102920.9 
 40  5  31306.36 99  000000.00 102935.9 
 35  5  31304.40 99  000000.00 102956.5 
 30  5  31303.07 99  000000.00 103018.1 
 25  5  31302.69 59  000000.00 103032.2 
 20  5  31304.27 99  000000.00 103055.2 
 15  5  31305.91 99  000000.00 103113.7 
 10  5  31309.02 98  000000.00 103128.8 
 5  5  31314.01 99  000000.00 103155.0 
 0  5  31313.89 99  000000.00 103214.8 
 0  10  31319.79 99  000000.00 103426.8 
 5  10  31306.94 99  000000.00 103618.8 
 10  10  31317.28 99  000000.00 103653.2 
 15  10  31316.41 99  000000.00 103734.5 
 20  10  31316.37 99  000000.00 103747.7 
 25  10  31311.57 99  000000.00 103759.5 
 30  10  31314.43 99  000000.00 103812.8 
 35  10  31313.99 99  000000.00 103827.4 
 40  10  31311.93 99  000000.00 103838.2 
 45  10  31307.37 99  000000.00 103900.1 
 50  10  31308.98 59  000000.00 103918.2 
 55  10  31309.52 99  000000.00 103932.1 
 60  10  31307.33 99  000000.00 103945.3 
 65  10  31298.03 89  000000.00 104056.2 
 70  10  31299.54 99  000000.00 104114.6 
 75  10  31302.86 99  000000.00 104134.3 
 80  10  31303.99 99  000000.00 104347.4 
 85  10  31310.20 99  000000.00 104405.9 
 90  10  31313.43 99  000000.00 104421.1 
 95  10  31310.40 99  000000.00 104445.2 
 100  10  31302.15 99  000000.00 104525.9 
 100  15  31300.07 69  000000.00 104604.9 
 95  15  31298.23 99  000000.00 104627.1 
 90  15  31293.21 99  000000.00 104638.6 
 85  15  31299.53 99  000000.00 104651.7 
 80  15  31300.75 99  000000.00 104705.4 
 75  15  31297.51 99  000000.00 104733.5 
 70  15  31302.30 99  000000.00 104748.5 
 65  15  31298.22 99  000000.00 104802.8 
 60  15  31300.26 99  000000.00 104814.6 
 55  15  31298.85 99  000000.00 104829.7 
 50  15  31244.20 99  000000.00 104841.0 
 45  15  31298.40 99  000000.00 104914.6 
 40  15  31303.93 99  000000.00 104944.7 
 35  15  31298.78 99  000000.00 105005.9 
 30  15  31299.52 99  000000.00 105024.3 
 25  15  31299.19 99  000000.00 105037.8 
 20  15  31302.77 99  000000.00 105053.4 
 15  15  31303.85 99  000000.00 105120.5 
 10  15  31308.54 99  000000.00 105137.9 
 5  15  31305.33 99  000000.00 105156.6 
 0  15  31307.37 59  000000.00 105215.0 
 0  20  31307.75 99  000000.00 105423.3 
 5  20  31313.13 99  000000.00 105523.8 
 10  20  31315.50 99  000000.00 105540.0 
 15  20  31311.17 99  000000.00 105554.2 
 20  20  31313.15 99  000000.00 105619.9 
 25  20  31307.08 99  000000.00 105635.5 
 30  20  31308.14 99  000000.00 105650.7 
 35  20  31303.73 99  000000.00 105711.8 
 40  20  31310.88 99  000000.00 105727.2 
 45  20  31305.69 99  000000.00 105741.9 
 50  20  31305.47 89  000000.00 105757.0 
 55  20  31305.29 99  000000.00 105812.3 
 60  20  31305.31 99  000000.00 105828.9 
 65  20  31299.35 99  000000.00 105844.8 
 70  20  31306.91 99  000000.00 105901.9 
 75  20  31305.65 99  000000.00 105918.1 
 80  20  31296.82 99  000000.00 105939.1 
 85  20  31305.27 99  000000.00 110050.1 
 90  20  31306.30 99  000000.00 110107.4 
 95  20  31304.80 99  000000.00 110126.4 
 100  20  31305.28 99  000000.00 110143.8 
 100  25  31302.92 99  000000.00 110727.6 
 95  25  31308.12 99  000000.00 110848.9 
 90  25  31306.60 99  000000.00 110904.9 
 85  25  31304.51 98  000000.00 110918.3 
 80  25  31307.28 89  000000.00 110932.6 
 75  25  31303.03 99  000000.00 110956.7 
 70  25  31307.03 99  000000.00 111011.6 
 65  25  31303.81 99  000000.00 111025.3 
 60  25  31302.66 99  000000.00 111040.5 
 55  25  31301.29 99  000000.00 111057.4 
 50  25  31305.12 99  000000.00 111116.1 
 45  25  31307.76 99  000000.00 111139.8 
 40  25  31313.19 99  000000.00 111154.1 
 35  25  31309.87 99  000000.00 111207.7 
 30  25  31310.50 99  000000.00 111222.6 
 25  25  31312.88 99  000000.00 111236.9 
 20  25  31309.09 99  000000.00 111252.2 
