 0  0  31377.24 99  000000.00 103445.8 
 15  0  31350.85 99  000000.00 103509.1 
 30  0  31360.27 79  000000.00 103537.1 
 45  0  31362.61 99  000000.00 103554.9 
 60  0  31372.34 99  000000.00 103613.7 
 75  0  31319.45 79  000000.00 103631.6 
 90  0  31521.32 99  000000.00 103648.3 
 105  0  31352.60 99  000000.00 103705.5 
 120  0  31372.32 99  000000.00 103722.9 
 135  0  31396.45 99  000000.00 103819.5 
 150  0  31393.86 99  000000.00 103938.3 
 165  0  31415.48 99  000000.00 104000.9 
 180  0  31294.68 99  000000.00 104034.9 
 195  0  31285.80 99  000000.00 104052.9 
 210  0  31356.17 99  000000.00 104112.1 
 225  0  31334.14 99  000000.00 104146.6 
 240  0  31352.17 99  000000.00 104205.6 
 255  0  31434.06 99  000000.00 104236.7 
 270  0  31448.92 99  000000.00 104300.3 
 285  0  31421.93 99  000000.00 104320.9 
 300  0  31450.88 99  000000.00 104343.2 
 315  0  31390.27 99  000000.00 104404.3 
 330  0  31411.50 99  000000.00 104426.4 
 345  0  31357.85 99  000000.00 104447.8 
 360  0  31340.11 99  000000.00 104506.2 
 375  0  31310.09 99  000000.00 104525.0 
 390  0  31293.68 99  000000.00 104542.2 
 405  0  31296.77 99  000000.00 104602.1 
 420  0  31250.88 99  000000.00 104626.1 
 435  0  31261.01 99  000000.00 104647.7 
 450  0  31319.08 99  000000.00 104709.6 
 465  0  31228.23 79  000000.00 104727.9 
 480  0  31276.38 99  000000.00 104744.7 
 495  0  31289.00 99  000000.00 104803.7 
 510  0  31296.74 99  000000.00 104822.5 
 525  0  31247.70 99  000000.00 104841.1 
 540  0  31350.44 99  000000.00 104902.7 
 555  0  31367.62 99  000000.00 104924.2 
 570  0  31411.87 99  000000.00 104943.5 
 585  0  31380.06 99  000000.00 105005.7 
 600  0  31383.47 99  000000.00 105025.2 
 615  0  31355.02 99  000000.00 105044.4 
 630  0  31356.12 99  000000.00 105104.7 
 645  0  31310.11 99  000000.00 105148.7 
 660  0  31359.13 49  000000.00 105211.9 
 675  0  31525.80 99  000000.00 105234.9 
 690  0  31467.53 99  000000.00 105300.6 
 705  0  31520.48 99  000000.00 105319.9 
 720  0  31437.38 99  000000.00 105338.2 
 735  0  31378.56 99  000000.00 105358.6 
 750  0  31350.40 99  000000.00 105419.5 
 765  0  31374.20 99  000000.00 105440.9 
 780  0  31298.47 99  000000.00 105506.1 
 795  0  31185.49 99  000000.00 105527.0 
 810  0  31204.33 99  000000.00 105547.6 
 825  0  31189.52 99  000000.00 105608.8 
 840  0  31187.66 99  000000.00 105628.3 
 855  0  31069.66 99  000000.00 105653.2 
 870  0  31230.48 99  000000.00 105715.2 
 885  0  31310.97 99  000000.00 105736.3 
 900  0  31324.76 99  000000.00 105758.5 
 915  0  31102.52 99  000000.00 105823.2 
 930  0  31462.20 99  000000.00 105850.5 
 945  0  31360.62 99  000000.00 105913.7 
 960  0  31329.62 99  000000.00 105941.5 
 975  0  31297.91 99  000000.00 110004.8 
 990  0  31314.22 99  000000.00 110036.6 
 1005  0  31304.37 99  000000.00 110105.9 
 1020  0  31314.82 89  000000.00 110131.9 
 1035  0  31342.43 09  000000.00 110159.3 
 1050  0  31360.58 99  000000.00 110222.7 
 1065  0  31345.16 99  000000.00 110248.9 
 1080  0  31316.55 99  000000.00 110315.8 
 1095  0  31300.63 99  000000.00 110340.6 
 1110  0  31328.82 99  000000.00 110409.3 
 1125  0  31322.93 99  000000.00 110432.3 
 1140  0  31348.02 99  000000.00 110458.0 
 1155  0  31391.39 99  000000.00 110523.1 
 1170  0  31365.87 99  000000.00 110546.9 
 1185  0  31387.56 99  000000.00 110618.1 
 1200  0  31413.32 29  000000.00 110730.6 
 1215  0  31364.90 99  000000.00 110801.4 
 1230  0  31352.27 99  000000.00 110854.5 
 1245  0  31314.76 99  000000.00 111116.4 
 1260  0  31399.95 99  000000.00 111142.0 
 1275  0  31371.02 99  000000.00 111200.9 
 1290  0  31292.23 99  000000.00 111217.8 
 1305  0  31348.20 99  000000.00 111234.1 
 1320  0  31339.69 99  000000.00 111252.8 
 1335  0  31383.49 99  000000.00 111314.1 
 1350  0  31317.93 89  000000.00 111334.7 
