15  0  31224.53 49  000000.00 103846.8 
 30  0  31396.15 69  000000.00 103930.2 
 45  0  31311.10 59  000000.00 103949.7 
 60  0  31482.53 59  000000.00 104013.9 
 75  0  31333.41 59  000000.00 104030.7 
 90  0  31430.80 39  000000.00 104104.0 
 105  0  31456.32 59  000000.00 104118.2 
 120  0  31554.14 39  000000.00 104131.8 
 135  0  31309.10 59  000000.00 104146.2 
 150  0  31115.55 39  000000.00 104205.8 
 165  0  31317.03 39  000000.00 104221.6 
 180  0  31352.36 89  000000.00 104244.8 
 195  0  30926.82 09  000000.00 104248.8 
 210  0  31223.78 19  000000.00 104258.1 
 225  0  31303.59 39  000000.00 104323.1 
 240  0  31379.66 39  000000.00 104339.2 
 255  0  31330.38 59  000000.00 104356.9 
 270  0  31409.79 49  000000.00 104411.9 
 285  0  31240.73 69  000000.00 104429.0 
 300  0  31271.36 39  000000.00 104444.2 
 315  0  31310.88 59  000000.00 104448.1 
 330  0  31245.85 29  000000.00 104511.0 
 345  0  31302.95 49  000000.00 104528.6 
 360  0  31323.42 39  000000.00 104551.5 
 375  0  31281.63 49  000000.00 104557.1 
 390  0  31197.33 39  000000.00 104608.4 
 405  0  31262.41 59  000000.00 104630.2 
 420  0  31277.52 29  000000.00 104647.9 
 435  0  31193.22 39  000000.00 104708.1 
 450  0  31367.44 29  000000.00 104728.4 
 465  0  31168.20 59  000000.00 104748.1 
 480  0  31261.73 49  000000.00 104805.3 
 495  0  31115.07 29  000000.00 104809.0 
 510  0  31138.08 19  000000.00 104821.5 
 525  0  31236.35 59  000000.00 104838.1 
 540  0  31267.68 79  000000.00 104855.6 
 555  0  31447.57 27  000000.00 104920.3 
 570  0  31418.62 37  000000.00 104924.0 
 585  0  31380.83 79  000000.00 104946.9 
 600  0  31429.84 79  000000.00 105006.7 
 615  0  31453.57 49  000000.00 105010.9 
 630  0  31340.66 69  000000.00 105026.5 
 645  0  31316.48 29  000000.00 105050.5 
 660  0  31418.68 79  000000.00 105144.3 
 675  0  31448.48 79  000000.00 105208.7 
 690  0  31307.37 49  000000.00 105230.6 
 705  0  31399.87 69  000000.00 105246.6 
 720  0  31614.67 59  000000.00 105301.6 
 735  0  31483.99 59  000000.00 105316.9 
 750  0  31493.50 69  000000.00 105336.3 
 765  0  31449.50 99  000000.00 105353.2 
 780  0  31384.92 79  000000.00 105420.9 
 795  0  31293.77 79  000000.00 105439.9 
 810  0  31323.05 99  000000.00 105502.9 
 825  0  31335.66 99  000000.00 105522.4 
 840  0  31161.87 99  000000.00 105544.0 
 855  0  31206.45 99  000000.00 105605.9 
 870  0  31212.17 99  000000.00 105631.0 
 885  0  31277.57 99  000000.00 105650.9 
 900  0  30946.86 67  000000.00 105712.9 
 915  0  31291.77 79  000000.00 105755.4 
 930  0  31340.93 59  000000.00 105812.4 
 945  0  31396.68 79  000000.00 105830.2 
 960  0  31028.66 99  000000.00 105849.8 
 975  0  31530.02 69  000000.00 105942.7 
 990  0  31357.93 29  000000.00 110001.3 
 1005  0  31368.82 29  000000.00 110021.4 
 1020  0  31172.57 19  000000.00 110039.2 
 1035  0  00000.00 03  000000.00 110123.0 
 1050  0  31014.56 14  000000.00 110131.0 
 1065  0  31120.27 08  000000.00 110156.8 
 1080  0  00000.00 09  000000.00 110213.2 
 1095  0  00000.00 04  000000.00 110215.9 
 1110  0  31109.19 06  000000.00 110218.6 
 1125  0  31060.32 07  000000.00 110237.6 
 1140  0  00000.00 05  000000.00 110257.9 
 1155  0  00000.00 06  000000.00 110300.9 
 1170  0  31059.12 07  000000.00 110304.1 
 1185  0  31097.27 19  000000.00 110325.0 
 1200  0  31334.62 29  000000.00 110347.9 
 1215  0  31568.24 19  000000.00 110407.5 
 1230  0  31526.73 26  000000.00 110433.6 
 1245  0  00000.00 06  000000.00 110504.8 
 1260  0  00000.00 01  000000.00 110507.7 
 1275  0  00000.00 01  000000.00 110510.5 
 1290  0  00000.00 02  000000.00 110513.5 
 1305  0  00000.00 03  000000.00 110516.6 
 1320  0  31585.08 39  000000.00 110523.9 
 1335  0  31582.08 39  000000.00 110527.2 
 1350  0  00000.00 02  000000.00 110549.4 
 1365  0  00000.00 04  000000.00 110556.0 
 1380  0  31612.42 06  000000.00 110558.9 
 1395  0  31669.55 15  000000.00 110601.8 
 1410  0  00000.00 04  000000.00 110622.7 
 1425  0  00000.00 05  000000.00 110625.7 
 1440  0  00000.00 04  000000.00 110628.6 
 1455  0  00000.00 05  000000.00 110631.4 
 1470  0  00000.00 06  000000.00 110634.7 
 1485  0  00000.00 08  000000.00 110640.4 
 1500  0  00000.00 05  000000.00 110646.7 
 1515  0  00000.00 01  000000.00 110651.8 
 1530  0  00000.00 08  000000.00 110736.8 
 1530  0  00000.00 01  000000.00 110740.5 
 1545  0  31376.83 99  000000.00 110851.7 
 1560  0  31365.91 99  000000.00 110923.7 
 1575  0  31350.71 99  000000.00 110948.5 
 1590  0  31406.25 99  000000.00 111020.4 
 1605  0  31313.47 99  000000.00 111042.9 
 1620  0  31253.57 79  000000.00 111111.3 
 1635  0  31252.43 99  000000.00 111138.4 
 1650  0  31330.86 99  000000.00 111155.4 
 1665  0  31340.89 99  000000.00 111216.3 
 1680  0  31247.58 99  000000.00 111240.0 
 1695  0  31271.42 88  000000.00 111254.3 
 1710  0  31295.43 99  000000.00 111315.3 
 1725  0  31405.80 99  000000.00 111334.7 
 1740  0  31347.05 99  000000.00 111351.3 
